Freq.	mag(V(input)/I(R1))
1.00000000000000e+002	9.99630432595812e+002,0.00000000000000e+000
1.02329299228075e+002	9.99613030034506e+002,0.00000000000000e+000
1.04712854805090e+002	9.99594808724367e+002,0.00000000000000e+000
1.07151930523761e+002	9.99575730214657e+002,0.00000000000000e+000
1.09647819614318e+002	9.99555754255582e+002,0.00000000000000e+000
1.12201845430196e+002	9.99534838714747e+002,0.00000000000000e+000
1.14815362149688e+002	9.99512939489811e+002,0.00000000000000e+000
1.17489755493953e+002	9.99490010417172e+002,0.00000000000000e+000
1.20226443461741e+002	9.99466003176460e+002,0.00000000000000e+000
1.23026877081238e+002	9.99440867190701e+002,0.00000000000000e+000
1.25892541179417e+002	9.99414549521970e+002,0.00000000000000e+000
1.28824955169313e+002	9.99386994762277e+002,0.00000000000000e+000
1.31825673855641e+002	9.99358144919564e+002,0.00000000000000e+000
1.34896288259165e+002	9.99327939298520e+002,0.00000000000000e+000
1.38038426460288e+002	9.99296314376046e+002,0.00000000000000e+000
1.41253754462275e+002	9.99263203671127e+002,0.00000000000000e+000
1.44543977074593e+002	9.99228537608866e+002,0.00000000000000e+000
1.47910838816821e+002	9.99192243378442e+002,0.00000000000000e+000
1.51356124843621e+002	9.99154244784725e+002,0.00000000000000e+000
1.54881661891248e+002	9.99114462093316e+002,0.00000000000000e+000
1.58489319246111e+002	9.99072811868682e+002,0.00000000000000e+000
1.62181009735893e+002	9.99029206805163e+002,0.00000000000000e+000
1.65958690743756e+002	9.98983555550525e+002,0.00000000000000e+000
1.69824365246174e+002	9.98935762521750e+002,0.00000000000000e+000
1.73780082874937e+002	9.98885727712788e+002,0.00000000000000e+000
1.77827941003892e+002	9.98833346493922e+002,0.00000000000000e+000
1.81970085860998e+002	9.98778509402398e+002,0.00000000000000e+000
1.86208713666287e+002	9.98721101924037e+002,0.00000000000000e+000
1.90546071796324e+002	9.98661004265427e+002,0.00000000000000e+000
1.94984459975804e+002	9.98598091116352e+002,0.00000000000000e+000
1.99526231496888e+002	9.98532231402094e+002,0.00000000000000e+000
2.04173794466953e+002	9.98463288025244e+002,0.00000000000000e+000
2.08929613085404e+002	9.98391117596600e+002,0.00000000000000e+000
2.13796208950223e+002	9.98315570154780e+002,0.00000000000000e+000
2.18776162394955e+002	9.98236488874189e+002,0.00000000000000e+000
2.23872113856834e+002	9.98153709760828e+002,0.00000000000000e+000
2.29086765276777e+002	9.98067061335665e+002,0.00000000000000e+000
2.34422881531992e+002	9.97976364305025e+002,0.00000000000000e+000
2.39883291901949e+002	9.97881431217674e+002,0.00000000000000e+000
2.45470891568503e+002	9.97782066108095e+002,0.00000000000000e+000
2.51188643150958e+002	9.97678064125608e+002,0.00000000000000e+000
2.57039578276886e+002	9.97569211148806e+002,0.00000000000000e+000
2.63026799189538e+002	9.97455283384988e+002,0.00000000000000e+000
2.69153480392691e+002	9.97336046954100e+002,0.00000000000000e+000
2.75422870333816e+002	9.97211257456779e+002,0.00000000000000e+000
2.81838293126445e+002	9.97080659526129e+002,0.00000000000000e+000
2.88403150312660e+002	9.96943986362768e+002,0.00000000000000e+000
2.95120922666638e+002	9.96800959252839e+002,0.00000000000000e+000
3.01995172040201e+002	9.96651287068579e+002,0.00000000000000e+000
3.09029543251358e+002	9.96494665751111e+002,0.00000000000000e+000
3.16227766016837e+002	9.96330777775152e+002,0.00000000000000e+000
3.23593656929628e+002	9.96159291595359e+002,0.00000000000000e+000
3.31131121482590e+002	9.95979861074057e+002,0.00000000000000e+000
3.38844156139202e+002	9.95792124890143e+002,0.00000000000000e+000
3.46736850452531e+002	9.95595705929031e+002,0.00000000000000e+000
3.54813389233575e+002	9.95390210653513e+002,0.00000000000000e+000
3.63078054770101e+002	9.95175228455503e+002,0.00000000000000e+000
3.71535229097172e+002	9.94950330988737e+002,0.00000000000000e+000
3.80189396320560e+002	9.94715071482463e+002,0.00000000000000e+000
3.89045144994280e+002	9.94468984036424e+002,0.00000000000000e+000
3.98107170553496e+002	9.94211582897349e+002,0.00000000000000e+000
4.07380277804112e+002	9.93942361717435e+002,0.00000000000000e+000
4.16869383470335e+002	9.93660792795330e+002,0.00000000000000e+000
4.26579518801592e+002	9.93366326300294e+002,0.00000000000000e+000
4.36515832240165e+002	9.93058389480389e+002,0.00000000000000e+000
4.46683592150962e+002	9.92736385855690e+002,0.00000000000000e+000
4.57088189614874e+002	9.92399694397676e+002,0.00000000000000e+000
4.67735141287197e+002	9.92047668696234e+002,0.00000000000000e+000
4.78630092322637e+002	9.91679636115822e+002,0.00000000000000e+000
4.89778819368445e+002	9.91294896942702e+002,0.00000000000000e+000
5.01187233627271e+002	9.90892723525268e+002,0.00000000000000e+000
5.12861383991364e+002	9.90472359409949e+002,0.00000000000000e+000
5.24807460249771e+002	9.90033018475306e+002,0.00000000000000e+000
5.37031796370251e+002	9.89573884067363e+002,0.00000000000000e+000
5.49540873857623e+002	9.89094108139625e+002,0.00000000000000e+000
5.62341325190348e+002	9.88592810401428e+002,0.00000000000000e+000
5.75439937337155e+002	9.88069077478888e+002,0.00000000000000e+000
5.88843655355587e+002	9.87521962093031e+002,0.00000000000000e+000
6.02559586074356e+002	9.86950482260173e+002,0.00000000000000e+000
6.16595001861481e+002	9.86353620520110e+002,0.00000000000000e+000
6.30957344480192e+002	9.85730323198274e+002,0.00000000000000e+000
6.45654229034654e+002	9.85079499708424e+002,0.00000000000000e+000
6.60693448007594e+002	9.84400021903137e+002,0.00000000000000e+000
6.76082975391980e+002	9.83690723479983e+002,0.00000000000000e+000
6.91830970918935e+002	9.82950399451734e+002,0.00000000000000e+000
7.07945784384136e+002	9.82177805689879e+002,0.00000000000000e+000
7.24435960074988e+002	9.81371658551128e+002,0.00000000000000e+000
7.41310241300916e+002	9.80530634597484e+002,0.00000000000000e+000
7.58577575029182e+002	9.79653370421071e+002,0.00000000000000e+000
7.76247116628690e+002	9.78738462585652e+002,0.00000000000000e+000
7.94328234724279e+002	9.77784467697482e+002,0.00000000000000e+000
8.12830516164097e+002	9.76789902618904e+002,0.00000000000000e+000
8.31763771102669e+002	9.75753244838744e+002,0.00000000000000e+000
8.51138038202374e+002	9.74672933014272e+002,0.00000000000000e+000
8.70963589956078e+002	9.73547367700203e+002,0.00000000000000e+000
8.91250938133743e+002	9.72374912280699e+002,0.00000000000000e+000
9.12010839355907e+002	9.71153894121065e+002,0.00000000000000e+000
9.33254300796988e+002	9.69882605956130e+002,0.00000000000000e+000
9.54992586021433e+002	9.68559307532877e+002,0.00000000000000e+000
9.77237220955808e+002	9.67182227525029e+002,0.00000000000000e+000
9.99999999999997e+002	9.65749565737601e+002,0.00000000000000e+000
1.02329299228075e+003	9.64259495619342e+002,0.00000000000000e+000
1.04712854805090e+003	9.62710167100915e+002,0.00000000000000e+000
1.07151930523760e+003	9.61099709776362e+002,0.00000000000000e+000
1.09647819614318e+003	9.59426236444725e+002,0.00000000000000e+000
1.12201845430196e+003	9.57687847028097e+002,0.00000000000000e+000
1.14815362149688e+003	9.55882632881168e+002,0.00000000000000e+000
1.17489755493953e+003	9.54008681506149e+002,0.00000000000000e+000
1.20226443461741e+003	9.52064081685126e+002,0.00000000000000e+000
1.23026877081238e+003	9.50046929040167e+002,0.00000000000000e+000
1.25892541179416e+003	9.47955332028927e+002,0.00000000000000e+000
1.28824955169313e+003	9.45787418380934e+002,0.00000000000000e+000
1.31825673855640e+003	9.43541341976619e+002,0.00000000000000e+000
1.34896288259165e+003	9.41215290167579e+002,0.00000000000000e+000
1.38038426460288e+003	9.38807491532751e+002,0.00000000000000e+000
1.41253754462275e+003	9.36316224060760e+002,0.00000000000000e+000
1.44543977074592e+003	9.33739823744043e+002,0.00000000000000e+000
1.47910838816820e+003	9.31076693565207e+002,0.00000000000000e+000
1.51356124843620e+003	9.28325312850590e+002,0.00000000000000e+000
1.54881661891248e+003	9.25484246960234e+002,0.00000000000000e+000
1.58489319246111e+003	9.22552157277302e+002,0.00000000000000e+000
1.62181009735892e+003	9.19527811453700e+002,0.00000000000000e+000
1.65958690743755e+003	9.16410093862175e+002,0.00000000000000e+000
1.69824365246174e+003	9.13198016198493e+002,0.00000000000000e+000
1.73780082874937e+003	9.09890728170820e+002,0.00000000000000e+000
1.77827941003892e+003	9.06487528206904e+002,0.00000000000000e+000
1.81970085860998e+003	9.02987874103367e+002,0.00000000000000e+000
1.86208713666286e+003	8.99391393535588e+002,0.00000000000000e+000
1.90546071796324e+003	8.95697894341092e+002,0.00000000000000e+000
1.94984459975804e+003	8.91907374484634e+002,0.00000000000000e+000
1.99526231496887e+003	8.88020031608938e+002,0.00000000000000e+000
2.04173794466952e+003	8.84036272071961e+002,0.00000000000000e+000
2.08929613085403e+003	8.79956719369199e+002,0.00000000000000e+000
2.13796208950222e+003	8.75782221838648e+002,0.00000000000000e+000
2.18776162394954e+003	8.71513859546056e+002,0.00000000000000e+000
2.23872113856833e+003	8.67152950249823e+002,0.00000000000000e+000
2.29086765276776e+003	8.62701054347816e+002,0.00000000000000e+000
2.34422881531991e+003	8.58159978712892e+002,0.00000000000000e+000
2.39883291901948e+003	8.53531779330056e+002,0.00000000000000e+000
2.45470891568502e+003	8.48818762655718e+002,0.00000000000000e+000
2.51188643150957e+003	8.44023485628688e+002,0.00000000000000e+000
2.57039578276885e+003	8.39148754273202e+002,0.00000000000000e+000
2.63026799189537e+003	8.34197620846136e+002,0.00000000000000e+000
2.69153480392690e+003	8.29173379493983e+002,0.00000000000000e+000
2.75422870333815e+003	8.24079560399260e+002,0.00000000000000e+000
2.81838293126444e+003	8.18919922411406e+002,0.00000000000000e+000
2.88403150312659e+003	8.13698444172983e+002,0.00000000000000e+000
2.95120922666637e+003	8.08419313768357e+002,0.00000000000000e+000
3.01995172040200e+003	8.03086916938429e+002,0.00000000000000e+000
3.09029543251358e+003	7.97705823921385e+002,0.00000000000000e+000
3.16227766016836e+003	7.92280774995364e+002,0.00000000000000e+000
3.23593656929627e+003	7.86816664814153e+002,0.00000000000000e+000
3.31131121482590e+003	7.81318525641402e+002,0.00000000000000e+000
3.38844156139201e+003	7.75791509601914e+002,0.00000000000000e+000
3.46736850452530e+003	7.70240870080192e+002,0.00000000000000e+000
3.54813389233574e+003	7.64671942406491e+002,0.00000000000000e+000
3.63078054770100e+003	7.59090123978729e+002,0.00000000000000e+000
3.71535229097171e+003	7.53500853974827e+002,0.00000000000000e+000
3.80189396320559e+003	7.47909592814220e+002,0.00000000000000e+000
3.89045144994279e+003	7.42321801529259e+002,0.00000000000000e+000
3.98107170553495e+003	7.36742921207138e+002,0.00000000000000e+000
4.07380277804111e+003	7.31178352660810e+002,0.00000000000000e+000
4.16869383470333e+003	7.25633436483060e+002,0.00000000000000e+000
4.26579518801591e+003	7.20113433631889e+002,0.00000000000000e+000
4.36515832240164e+003	7.14623506687353e+002,0.00000000000000e+000
4.46683592150961e+003	7.09168701910614e+002,0.00000000000000e+000
4.57088189614873e+003	7.03753932225039e+002,0.00000000000000e+000
4.67735141287196e+003	6.98383961227151e+002,0.00000000000000e+000
4.78630092322636e+003	6.93063388322265e+002,0.00000000000000e+000
4.89778819368444e+003	6.87796635065900e+002,0.00000000000000e+000
5.01187233627270e+003	6.82587932777971e+002,0.00000000000000e+000
5.12861383991362e+003	6.77441311482249e+002,0.00000000000000e+000
5.24807460249770e+003	6.72360590209252e+002,0.00000000000000e+000
5.37031796370250e+003	6.67349368686442e+002,0.00000000000000e+000
5.49540873857622e+003	6.62411020425774e+002,0.00000000000000e+000
5.62341325190346e+003	6.57548687205378e+002,0.00000000000000e+000
5.75439937337154e+003	6.52765274929560e+002,0.00000000000000e+000
5.88843655355586e+003	6.48063450839603e+002,0.00000000000000e+000
6.02559586074354e+003	6.43445642037099e+002,0.00000000000000e+000
6.16595001861479e+003	6.38914035271756e+002,0.00000000000000e+000
6.30957344480190e+003	6.34470577937048e+002,0.00000000000000e+000
6.45654229034652e+003	6.30116980209525e+002,0.00000000000000e+000
6.60693448007592e+003	6.25854718261284e+002,0.00000000000000e+000
6.76082975391978e+003	6.21685038469886e+002,0.00000000000000e+000
6.91830970918932e+003	6.17608962545962e+002,0.00000000000000e+000
7.07945784384134e+003	6.13627293495777e+002,0.00000000000000e+000
7.24435960074986e+003	6.09740622334137e+002,0.00000000000000e+000
7.41310241300913e+003	6.05949335462108e+002,0.00000000000000e+000
7.58577575029179e+003	6.02253622624048e+002,0.00000000000000e+000
7.76247116628687e+003	5.98653485359363e+002,0.00000000000000e+000
7.94328234724277e+003	5.95148745866017e+002,0.00000000000000e+000
8.12830516164094e+003	5.91739056195252e+002,0.00000000000000e+000
8.31763771102666e+003	5.88423907699904e+002,0.00000000000000e+000
8.51138038202371e+003	5.85202640662194e+002,0.00000000000000e+000
8.70963589956075e+003	5.82074454030880e+002,0.00000000000000e+000
8.91250938133740e+003	5.79038415201872e+002,0.00000000000000e+000
9.12010839355904e+003	5.76093469781047e+002,0.00000000000000e+000
9.33254300796985e+003	5.73238451272775e+002,0.00000000000000e+000
9.54992586021430e+003	5.70472090642565e+002,0.00000000000000e+000
9.77237220955804e+003	5.67793025707208e+002,0.00000000000000e+000
9.99999999999993e+003	5.65199810310845e+002,0.00000000000000e+000
1.02329299228075e+004	5.62690923250205e+002,0.00000000000000e+000
1.04712854805089e+004	5.60264776917193e+002,0.00000000000000e+000
1.07151930523760e+004	5.57919725631654e+002,0.00000000000000e+000
1.09647819614318e+004	5.55654073641623e+002,0.00000000000000e+000
1.12201845430196e+004	5.53466082772725e+002,0.00000000000000e+000
1.14815362149688e+004	5.51353979712391e+002,0.00000000000000e+000
1.17489755493952e+004	5.49315962918427e+002,0.00000000000000e+000
1.20226443461740e+004	5.47350209144935e+002,0.00000000000000e+000
1.23026877081237e+004	5.45454879581923e+002,0.00000000000000e+000
1.25892541179416e+004	5.43628125607851e+002,0.00000000000000e+000
1.28824955169313e+004	5.41868094157072e+002,0.00000000000000e+000
1.31825673855640e+004	5.40172932706565e+002,0.00000000000000e+000
1.34896288259164e+004	5.38540793888412e+002,0.00000000000000e+000
1.38038426460288e+004	5.36969839736414e+002,0.00000000000000e+000
1.41253754462274e+004	5.35458245576776e+002,0.00000000000000e+000
1.44543977074592e+004	5.34004203574199e+002,0.00000000000000e+000
1.47910838816820e+004	5.32605925945786e+002,0.00000000000000e+000
1.51356124843620e+004	5.31261647856151e+002,0.00000000000000e+000
1.54881661891247e+004	5.29969630007731e+002,0.00000000000000e+000
1.58489319246110e+004	5.28728160940926e+002,0.00000000000000e+000
1.62181009735892e+004	5.27535559058938e+002,0.00000000000000e+000
1.65958690743755e+004	5.26390174392483e+002,0.00000000000000e+000
1.69824365246173e+004	5.25290390119514e+002,0.00000000000000e+000
1.73780082874936e+004	5.24234623855126e+002,0.00000000000000e+000
1.77827941003891e+004	5.23221328726557e+002,0.00000000000000e+000
1.81970085860997e+004	5.22248994248029e+002,0.00000000000000e+000
1.86208713666285e+004	5.21316147009771e+002,0.00000000000000e+000
1.90546071796323e+004	5.20421351195193e+002,0.00000000000000e+000
1.94984459975803e+004	5.19563208939712e+002,0.00000000000000e+000
1.99526231496887e+004	5.18740360544248e+002,0.00000000000000e+000
2.04173794466951e+004	5.17951484555832e+002,0.00000000000000e+000
2.08929613085402e+004	5.17195297727251e+002,0.00000000000000e+000
2.13796208950222e+004	5.16470554867044e+002,0.00000000000000e+000
2.18776162394954e+004	5.15776048590584e+002,0.00000000000000e+000
2.23872113856832e+004	5.15110608982388e+002,0.00000000000000e+000
2.29086765276776e+004	5.14473103179191e+002,0.00000000000000e+000
2.34422881531990e+004	5.13862434882765e+002,0.00000000000000e+000
2.39883291901947e+004	5.13277543810821e+002,0.00000000000000e+000
2.45470891568501e+004	5.12717405093846e+002,0.00000000000000e+000
2.51188643150956e+004	5.12181028625120e+002,0.00000000000000e+000
2.57039578276884e+004	5.11667458370640e+002,0.00000000000000e+000
2.63026799189536e+004	5.11175771645187e+002,0.00000000000000e+000
2.69153480392689e+004	5.10705078360248e+002,0.00000000000000e+000
2.75422870333814e+004	5.10254520249072e+002,0.00000000000000e+000
2.81838293126443e+004	5.09823270073660e+002,0.00000000000000e+000
2.88403150312658e+004	5.09410530818096e+002,0.00000000000000e+000
2.95120922666636e+004	5.09015534872207e+002,0.00000000000000e+000
3.01995172040199e+004	5.08637543209168e+002,0.00000000000000e+000
3.09029543251357e+004	5.08275844560340e+002,0.00000000000000e+000
3.16227766016835e+004	5.07929754590239e+002,0.00000000000000e+000
3.23593656929626e+004	5.07598615074308e+002,0.00000000000000e+000
3.31131121482588e+004	5.07281793081797e+002,0.00000000000000e+000
3.38844156139200e+004	5.06978680165857e+002,0.00000000000000e+000
3.46736850452529e+004	5.06688691562634e+002,0.00000000000000e+000
3.54813389233573e+004	5.06411265401002e+002,0.00000000000000e+000
3.63078054770098e+004	5.06145861924304e+002,0.00000000000000e+000
3.71535229097169e+004	5.05891962725286e+002,0.00000000000000e+000
3.80189396320558e+004	5.05649069995263e+002,0.00000000000000e+000
3.89045144994277e+004	5.05416705788340e+002,0.00000000000000e+000
3.98107170553494e+004	5.05194411301423e+002,0.00000000000000e+000
4.07380277804109e+004	5.04981746170572e+002,0.00000000000000e+000
4.16869383470332e+004	5.04778287784143e+002,0.00000000000000e+000
4.26579518801589e+004	5.04583630613054e+002,0.00000000000000e+000
4.36515832240162e+004	5.04397385558424e+002,0.00000000000000e+000
4.46683592150959e+004	5.04219179316710e+002,0.00000000000000e+000
4.57088189614871e+004	5.04048653762418e+002,0.00000000000000e+000
4.67735141287194e+004	5.03885465348371e+002,0.00000000000000e+000
4.78630092322634e+004	5.03729284523476e+002,0.00000000000000e+000
4.89778819368442e+004	5.03579795167830e+002,0.00000000000000e+000
5.01187233627268e+004	5.03436694045023e+002,0.00000000000000e+000
5.12861383991360e+004	5.03299690271371e+002,0.00000000000000e+000
5.24807460249768e+004	5.03168504801849e+002,0.00000000000000e+000
5.37031796370248e+004	5.03042869932406e+002,0.00000000000000e+000
5.49540873857620e+004	5.02922528818333e+002,0.00000000000000e+000
5.62341325190344e+004	5.02807235008347e+002,0.00000000000000e+000
5.75439937337152e+004	5.02696751994007e+002,0.00000000000000e+000
5.88843655355584e+004	5.02590852774069e+002,0.00000000000000e+000
6.02559586074352e+004	5.02489319433376e+002,0.00000000000000e+000
6.16595001861477e+004	5.02391942735878e+002,0.00000000000000e+000
6.30957344480187e+004	5.02298521731333e+002,0.00000000000000e+000
6.45654229034650e+004	5.02208863375279e+002,0.00000000000000e+000
6.60693448007590e+004	5.02122782161821e+002,0.00000000000000e+000
6.76082975391975e+004	5.02040099768804e+002,0.00000000000000e+000
6.91830970918930e+004	5.01960644714912e+002,0.00000000000000e+000
7.07945784384131e+004	5.01884252028282e+002,0.00000000000000e+000
7.24435960074983e+004	5.01810762926142e+002,0.00000000000000e+000
7.41310241300911e+004	5.01740024505085e+002,0.00000000000000e+000
7.58577575029177e+004	5.01671889441498e+002,0.00000000000000e+000
7.76247116628685e+004	5.01606215701732e+002,0.00000000000000e+000
7.94328234724274e+004	5.01542866261590e+002,0.00000000000000e+000
8.12830516164092e+004	5.01481708834675e+002,0.00000000000000e+000
8.31763771102663e+004	5.01422615609219e+002,0.00000000000000e+000
8.51138038202369e+004	5.01365462992941e+002,0.00000000000000e+000
8.70963589956073e+004	5.01310131365545e+002,0.00000000000000e+000
8.91250938133737e+004	5.01256504838442e+002,0.00000000000000e+000
9.12010839355901e+004	5.01204471021309e+002,0.00000000000000e+000
9.33254300796982e+004	5.01153920795077e+002,0.00000000000000e+000
9.54992586021427e+004	5.01104748090966e+002,0.00000000000000e+000
9.77237220955802e+004	5.01056849675195e+002,0.00000000000000e+000
9.99999999999991e+004	5.01010124938973e+002,0.00000000000000e+000
1.02329299228074e+005	5.00964475693412e+002,0.00000000000000e+000
1.04712854805089e+005	5.00919805968994e+002,0.00000000000000e+000
1.07151930523760e+005	5.00876021819222e+002,0.00000000000000e+000
1.09647819614317e+005	5.00833031128117e+002,0.00000000000000e+000
1.12201845430195e+005	5.00790743421190e+002,0.00000000000000e+000
1.14815362149687e+005	5.00749069679548e+002,0.00000000000000e+000
1.17489755493952e+005	5.00707922156793e+002,0.00000000000000e+000
1.20226443461740e+005	5.00667214198374e+002,0.00000000000000e+000
1.23026877081237e+005	5.00626860063044e+002,0.00000000000000e+000
1.25892541179416e+005	5.00586774746103e+002,0.00000000000000e+000
1.28824955169312e+005	5.00546873804076e+002,0.00000000000000e+000
1.31825673855639e+005	5.00507073180519e+002,0.00000000000000e+000
1.34896288259164e+005	5.00467289032603e+002,0.00000000000000e+000
1.38038426460287e+005	5.00427437558157e+002,0.00000000000000e+000
1.41253754462274e+005	5.00387434822852e+002,0.00000000000000e+000
1.44543977074591e+005	5.00347196587188e+002,0.00000000000000e+000
1.47910838816819e+005	5.00306638132965e+002,0.00000000000000e+000
1.51356124843619e+005	5.00265674088916e+002,0.00000000000000e+000
1.54881661891247e+005	5.00224218255172e+002,0.00000000000000e+000
1.58489319246110e+005	5.00182183426228e+002,0.00000000000000e+000
1.62181009735891e+005	5.00139481212098e+002,0.00000000000000e+000
1.65958690743754e+005	5.00096021857322e+002,0.00000000000000e+000
1.69824365246173e+005	5.00051714057477e+002,0.00000000000000e+000
1.73780082874936e+005	5.00006464772908e+002,0.00000000000000e+000
1.77827941003890e+005	4.99960179039289e+002,0.00000000000000e+000
1.81970085860996e+005	4.99912759774716e+002,0.00000000000000e+000
1.86208713666285e+005	4.99864107582975e+002,0.00000000000000e+000
1.90546071796323e+005	4.99814120552663e+002,0.00000000000000e+000
1.94984459975802e+005	4.99762694051786e+002,0.00000000000000e+000
1.99526231496886e+005	4.99709720517517e+002,0.00000000000000e+000
2.04173794466951e+005	4.99655089240755e+002,0.00000000000000e+000
2.08929613085402e+005	4.99598686145124e+002,0.00000000000000e+000
2.13796208950221e+005	4.99540393560064e+002,0.00000000000000e+000
2.18776162394953e+005	4.99480089987661e+002,0.00000000000000e+000
2.23872113856832e+005	4.99417649862832e+002,0.00000000000000e+000
2.29086765276775e+005	4.99352943306552e+002,0.00000000000000e+000
2.34422881531990e+005	4.99285835871685e+002,0.00000000000000e+000
2.39883291901946e+005	4.99216188281126e+002,0.00000000000000e+000
2.45470891568500e+005	4.99143856157843e+002,0.00000000000000e+000
2.51188643150955e+005	4.99068689746454e+002,0.00000000000000e+000
2.57039578276884e+005	4.98990533626011e+002,0.00000000000000e+000
2.63026799189535e+005	4.98909226413562e+002,0.00000000000000e+000
2.69153480392689e+005	4.98824600458189e+002,0.00000000000000e+000
2.75422870333814e+005	4.98736481525130e+002,0.00000000000000e+000
2.81838293126442e+005	4.98644688469650e+002,0.00000000000000e+000
2.88403150312657e+005	4.98549032900276e+002,0.00000000000000e+000
2.95120922666635e+005	4.98449318831125e+002,0.00000000000000e+000
3.01995172040198e+005	4.98345342322925e+002,0.00000000000000e+000
3.09029543251356e+005	4.98236891112462e+002,0.00000000000000e+000
3.16227766016834e+005	4.98123744230134e+002,0.00000000000000e+000
3.23593656929625e+005	4.98005671605332e+002,0.00000000000000e+000
3.31131121482587e+005	4.97882433659380e+002,0.00000000000000e+000
3.38844156139199e+005	4.97753780885816e+002,0.00000000000000e+000
3.46736850452528e+005	4.97619453417779e+002,0.00000000000000e+000
3.54813389233571e+005	4.97479180582344e+002,0.00000000000000e+000
3.63078054770097e+005	4.97332680441660e+002,0.00000000000000e+000
3.71535229097168e+005	4.97179659320776e+002,0.00000000000000e+000
3.80189396320557e+005	4.97019811322138e+002,0.00000000000000e+000
3.89045144994276e+005	4.96852817826706e+002,0.00000000000000e+000
3.98107170553493e+005	4.96678346981813e+002,0.00000000000000e+000
4.07380277804108e+005	4.96496053175823e+002,0.00000000000000e+000
4.16869383470331e+005	4.96305576499854e+002,0.00000000000000e+000
4.26579518801588e+005	4.96106542196792e+002,0.00000000000000e+000
4.36515832240161e+005	4.95898560098004e+002,0.00000000000000e+000
4.46683592150958e+005	4.95681224048187e+002,0.00000000000000e+000
4.57088189614870e+005	4.95454111318983e+002,0.00000000000000e+000
4.67735141287193e+005	4.95216782011994e+002,0.00000000000000e+000
4.78630092322633e+005	4.94968778452103e+002,0.00000000000000e+000
4.89778819368440e+005	4.94709624572013e+002,0.00000000000000e+000
5.01187233627266e+005	4.94438825289174e+002,0.00000000000000e+000
5.12861383991359e+005	4.94155865876430e+002,0.00000000000000e+000
5.24807460249766e+005	4.93860211327785e+002,0.00000000000000e+000
5.37031796370246e+005	4.93551305721098e+002,0.00000000000000e+000
5.49540873857618e+005	4.93228571579520e+002,0.00000000000000e+000
5.62341325190342e+005	4.92891409233871e+002,0.00000000000000e+000
5.75439937337150e+005	4.92539196188318e+002,0.00000000000000e+000
5.88843655355582e+005	4.92171286492060e+002,0.00000000000000e+000
6.02559586074350e+005	4.91787010119871e+002,0.00000000000000e+000
6.16595001861474e+005	4.91385672364872e+002,0.00000000000000e+000
6.30957344480185e+005	4.90966553247053e+002,0.00000000000000e+000
6.45654229034647e+005	4.90528906941388e+002,0.00000000000000e+000
6.60693448007588e+005	4.90071961229997e+002,0.00000000000000e+000
6.76082975391973e+005	4.89594916982809e+002,0.00000000000000e+000
6.91830970918928e+005	4.89096947671955e+002,0.00000000000000e+000
7.07945784384129e+005	4.88577198925201e+002,0.00000000000000e+000
7.24435960074981e+005	4.88034788124476e+002,0.00000000000000e+000
7.41310241300908e+005	4.87468804055687e+002,0.00000000000000e+000
7.58577575029174e+005	4.86878306616676e+002,0.00000000000000e+000
7.76247116628682e+005	4.86262326590582e+002,0.00000000000000e+000
7.94328234724271e+005	4.85619865492250e+002,0.00000000000000e+000
8.12830516164089e+005	4.84949895496001e+002,0.00000000000000e+000
8.31763771102660e+005	4.84251359453221e+002,0.00000000000000e+000
8.51138038202365e+005	4.83523171009078e+002,0.00000000000000e+000
8.70963589956069e+005	4.82764214827702e+002,0.00000000000000e+000
8.91250938133734e+005	4.81973346936031e+002,0.00000000000000e+000
9.12010839355898e+005	4.81149395196419e+002,0.00000000000000e+000
9.33254300796979e+005	4.80291159918956e+002,0.00000000000000e+000
9.54992586021423e+005	4.79397414624275e+002,0.00000000000000e+000
9.77237220955797e+005	4.78466906968469e+002,0.00000000000000e+000
9.99999999999987e+005	4.77498359841091e+002,0.00000000000000e+000
1.02329299228074e+006	4.76490472648251e+002,0.00000000000000e+000
1.04712854805089e+006	4.75441922792064e+002,0.00000000000000e+000
1.07151930523759e+006	4.74351367358008e+002,0.00000000000000e+000
1.09647819614317e+006	4.73217445021525e+002,0.00000000000000e+000
1.12201845430195e+006	4.72038778184562e+002,0.00000000000000e+000
1.14815362149687e+006	4.70813975352522e+002,0.00000000000000e+000
1.17489755493951e+006	4.69541633761440e+002,0.00000000000000e+000
1.20226443461740e+006	4.68220342263946e+002,0.00000000000000e+000
1.23026877081236e+006	4.66848684482023e+002,0.00000000000000e+000
1.25892541179415e+006	4.65425242233108e+002,0.00000000000000e+000
1.28824955169312e+006	4.63948599234352e+002,0.00000000000000e+000
1.31825673855639e+006	4.62417345088543e+002,0.00000000000000e+000
1.34896288259163e+006	4.60830079553127e+002,0.00000000000000e+000
1.38038426460287e+006	4.59185417091305e+002,0.00000000000000e+000
1.41253754462273e+006	4.57481991701962e+002,0.00000000000000e+000
1.44543977074591e+006	4.55718462022701e+002,0.00000000000000e+000
1.47910838816819e+006	4.53893516696676e+002,0.00000000000000e+000
1.51356124843619e+006	4.52005879991531e+002,0.00000000000000e+000
1.54881661891246e+006	4.50054317654896e+002,0.00000000000000e+000
1.58489319246109e+006	4.48037642987366e+002,0.00000000000000e+000
1.62181009735891e+006	4.45954723110312e+002,0.00000000000000e+000
1.65958690743754e+006	4.43804485402375e+002,0.00000000000000e+000
1.69824365246172e+006	4.41585924073597e+002,0.00000000000000e+000
1.73780082874935e+006	4.39298106843346e+002,0.00000000000000e+000
1.77827941003890e+006	4.36940181683869e+002,0.00000000000000e+000
1.81970085860996e+006	4.34511383587055e+002,0.00000000000000e+000
1.86208713666284e+006	4.32011041309094e+002,0.00000000000000e+000
1.90546071796322e+006	4.29438584044106e+002,0.00000000000000e+000
1.94984459975802e+006	4.26793547974395e+002,0.00000000000000e+000
1.99526231496885e+006	4.24075582642868e+002,0.00000000000000e+000
2.04173794466950e+006	4.21284457090316e+002,0.00000000000000e+000
2.08929613085401e+006	4.18420065699825e+002,0.00000000000000e+000
2.13796208950220e+006	4.15482433687476e+002,0.00000000000000e+000
2.18776162394952e+006	4.12471722181031e+002,0.00000000000000e+000
2.23872113856831e+006	4.09388232825968e+002,0.00000000000000e+000
2.29086765276774e+006	4.06232411861724e+002,0.00000000000000e+000
2.34422881531989e+006	4.03004853611282e+002,0.00000000000000e+000
2.39883291901946e+006	3.99706303332397e+002,0.00000000000000e+000
2.45470891568499e+006	3.96337659380117e+002,0.00000000000000e+000
2.51188643150954e+006	3.92899974637579e+002,0.00000000000000e+000
2.57039578276883e+006	3.89394457175303e+002,0.00000000000000e+000
2.63026799189534e+006	3.85822470107757e+002,0.00000000000000e+000
2.69153480392688e+006	3.82185530621359e+002,0.00000000000000e+000
2.75422870333813e+006	3.78485308157159e+002,0.00000000000000e+000
2.81838293126441e+006	3.74723621738556e+002,0.00000000000000e+000
2.88403150312656e+006	3.70902436443928e+002,0.00000000000000e+000
2.95120922666634e+006	3.67023859033303e+002,0.00000000000000e+000
3.01995172040197e+006	3.63090132745680e+002,0.00000000000000e+000
3.09029543251354e+006	3.59103631294697e+002,0.00000000000000e+000
3.16227766016833e+006	3.55066852097844e+002,0.00000000000000e+000
3.23593656929623e+006	3.50982408783099e+002,0.00000000000000e+000
3.31131121482586e+006	3.46853023025342e+002,0.00000000000000e+000
3.38844156139197e+006	3.42681515772465e+002,0.00000000000000e+000
3.46736850452526e+006	3.38470797925941e+002,0.00000000000000e+000
3.54813389233570e+006	3.34223860548900e+002,0.00000000000000e+000
3.63078054770096e+006	3.29943764677517e+002,0.00000000000000e+000
3.71535229097167e+006	3.25633630815414e+002,0.00000000000000e+000
3.80189396320555e+006	3.21296628194641e+002,0.00000000000000e+000
3.89045144994275e+006	3.16935963885959e+002,0.00000000000000e+000
3.98107170553491e+006	3.12554871843478e+002,0.00000000000000e+000
4.07380277804106e+006	3.08156601966007e+002,0.00000000000000e+000
4.16869383470329e+006	3.03744409257642e+002,0.00000000000000e+000
4.26579518801586e+006	2.99321543163959e+002,0.00000000000000e+000
4.36515832240159e+006	2.94891237159461e+002,0.00000000000000e+000
4.46683592150956e+006	2.90456698655062e+002,0.00000000000000e+000
4.57088189614868e+006	2.86021099289903e+002,0.00000000000000e+000
4.67735141287191e+006	2.81587565664403e+002,0.00000000000000e+000
4.78630092322631e+006	2.77159170566791e+002,0.00000000000000e+000
4.89778819368438e+006	2.72738924736822e+002,0.00000000000000e+000
5.01187233627264e+006	2.68329769203277e+002,0.00000000000000e+000
5.12861383991357e+006	2.63934568226347e+002,0.00000000000000e+000
5.24807460249764e+006	2.59556102866064e+002,0.00000000000000e+000
5.37031796370244e+006	2.55197065193200e+002,0.00000000000000e+000
5.49540873857616e+006	2.50860053151014e+002,0.00000000000000e+000
5.62341325190340e+006	2.46547566070360e+002,0.00000000000000e+000
5.75439937337148e+006	2.42262000834054e+002,0.00000000000000e+000
5.88843655355579e+006	2.38005648680600e+002,0.00000000000000e+000
6.02559586074348e+006	2.33780692633455e+002,0.00000000000000e+000
6.16595001861472e+006	2.29589205536110e+002,0.00000000000000e+000
6.30957344480183e+006	2.25433148669626e+002,0.00000000000000e+000
6.45654229034645e+006	2.21314370926469e+002,0.00000000000000e+000
6.60693448007585e+006	2.17234608510977e+002,0.00000000000000e+000
6.76082975391971e+006	2.13195485134070e+002,0.00000000000000e+000
6.91830970918925e+006	2.09198512670317e+002,0.00000000000000e+000
7.07945784384126e+006	2.05245092239839e+002,0.00000000000000e+000
7.24435960074978e+006	2.01336515683110e+002,0.00000000000000e+000
7.41310241300905e+006	1.97473967388940e+002,0.00000000000000e+000
7.58577575029171e+006	1.93658526443567e+002,0.00000000000000e+000
7.76247116628679e+006	1.89891169062631e+002,0.00000000000000e+000
7.94328234724268e+006	1.86172771273238e+002,0.00000000000000e+000
8.12830516164086e+006	1.82504111812246e+002,0.00000000000000e+000
8.31763771102657e+006	1.78885875207883e+002,0.00000000000000e+000
8.51138038202362e+006	1.75318655015127e+002,0.00000000000000e+000
8.70963589956066e+006	1.71802957174678e+002,0.00000000000000e+000
8.91250938133731e+006	1.68339203468612e+002,0.00000000000000e+000
9.12010839355894e+006	1.64927735046880e+002,0.00000000000000e+000
9.33254300796975e+006	1.61568816001572e+002,0.00000000000000e+000
9.54992586021420e+006	1.58262636965633e+002,0.00000000000000e+000
9.77237220955794e+006	1.55009318717486e+002,0.00000000000000e+000
9.99999999999983e+006	1.51808915772976e+002,0.00000000000000e+000
1.02329299228074e+007	1.48661419947544e+002,0.00000000000000e+000
1.04712854805088e+007	1.45566763875491e+002,0.00000000000000e+000
1.07151930523759e+007	1.42524824471855e+002,0.00000000000000e+000
1.09647819614317e+007	1.39535426326870e+002,0.00000000000000e+000
1.12201845430194e+007	1.36598345022961e+002,0.00000000000000e+000
1.14815362149686e+007	1.33713310365200e+002,0.00000000000000e+000
1.17489755493951e+007	1.30880009519531e+002,0.00000000000000e+000
1.20226443461739e+007	1.28098090052022e+002,0.00000000000000e+000
1.23026877081236e+007	1.25367162864995e+002,0.00000000000000e+000
1.25892541179415e+007	1.22686805026673e+002,0.00000000000000e+000
1.28824955169311e+007	1.20056562491511e+002,0.00000000000000e+000
1.31825673855638e+007	1.17475952709593e+002,0.00000000000000e+000
1.34896288259163e+007	1.14944467124420e+002,0.00000000000000e+000
1.38038426460286e+007	1.12461573558526e+002,0.00000000000000e+000
1.41253754462273e+007	1.10026718488193e+002,0.00000000000000e+000
1.44543977074590e+007	1.07639329206790e+002,0.00000000000000e+000
1.47910838816818e+007	1.05298815880028e+002,0.00000000000000e+000
1.51356124843618e+007	1.03004573493330e+002,0.00000000000000e+000
1.54881661891245e+007	1.00755983694718e+002,0.00000000000000e+000
1.58489319246109e+007	9.85524165353431e+001,0.00000000000000e+000
1.62181009735890e+007	9.63932321102252e+001,0.00000000000000e+000
1.65958690743753e+007	9.42777821025745e+001,0.00000000000000e+000
1.69824365246171e+007	9.22054112345575e+001,0.00000000000000e+000
1.73780082874934e+007	9.01754586281521e+001,0.00000000000000e+000
1.77827941003889e+007	8.81872590785705e+001,0.00000000000000e+000
1.81970085860995e+007	8.62401442450138e+001,0.00000000000000e+000
1.86208713666283e+007	8.43334437608423e+001,0.00000000000000e+000
1.90546071796321e+007	8.24664862673666e+001,0.00000000000000e+000
1.94984459975801e+007	8.06386003746588e+001,0.00000000000000e+000
1.99526231496884e+007	7.88491155524123e+001,0.00000000000000e+000
2.04173794466949e+007	7.70973629545989e+001,0.00000000000000e+000
2.08929613085400e+007	7.53826761808621e+001,0.00000000000000e+000
2.13796208950219e+007	7.37043919780471e+001,0.00000000000000e+000
2.18776162394951e+007	7.20618508851566e+001,0.00000000000000e+000
2.23872113856830e+007	7.04543978243492e+001,0.00000000000000e+000
2.29086765276773e+007	6.88813826413410e+001,0.00000000000000e+000
2.34422881531988e+007	6.73421605978771e+001,0.00000000000000e+000
2.39883291901945e+007	6.58360928189131e+001,0.00000000000000e+000
2.45470891568499e+007	6.43625466975570e+001,0.00000000000000e+000
2.50000000000000e+007	6.32152968933993e+001,0.00000000000000e+000
